225 225 0.460531 0.463167 0.457895 0 0 0 0.538255 0.541028 0.535482 0.624173 0.627274 0.621072 0.714154 0.717587 0.710721 0.795569 0.799564 0.791574 
275 275 0.477564 0.480139 0.474989 0 0 0 0.559621 0.562463 0.556779 0.649746 0.65294 0.646552 0.736702 0.740309 0.733095 0.817244 0.821277 0.813211 
325 325 0.490972 0.493786 0.488158 0 0 0 0.575324 0.578304 0.572344 0.661563 0.664855 0.658271 0.745515 0.74914 0.74189 0.814412 0.818538 0.810286 
375 375 0.504798 0.50764 0.501956 0 0 0 0.587467 0.590443 0.584491 0.673187 0.676441 0.669933 0.756861 0.760635 0.753087 0.826007 0.830185 0.821829 
425 425 0.507529 0.510157 0.504901 0 0 0 0.590628 0.593702 0.587554 0.678037 0.681493 0.674581 0.754503 0.758254 0.750752 0.827194 0.831578 0.82281 
475 475 0.520658 0.5234 0.517916 0 0 0 0.604489 0.607538 0.60144 0.683748 0.687029 0.680467 0.764163 0.767961 0.760365 0.825269 0.829874 0.820664 
525 525 0.523246 0.526109 0.520383 0 0 0 0.606677 0.609785 0.603569 0.684695 0.688002 0.681388 0.761138 0.764831 0.757445 0.82282 0.827083 0.818557 
575 575 0.532119 0.535226 0.529012 0 0 0 0.614461 0.617836 0.611086 0.693592 0.697005 0.690179 0.76013 0.763816 0.756444 0.817812 0.821929 0.813695 
625 625 0.531424 0.535064 0.527784 0 0 0 0.61494 0.618006 0.611874 0.693372 0.696846 0.689898 0.761633 0.765373 0.757893 0.822231 0.827613 0.816849 
675 675 0.53365 0.536443 0.530857 0 0 0 0.615572 0.618649 0.612495 0.696917 0.700361 0.693473 0.763552 0.767339 0.759765 0.813555 0.81793 0.80918 
725 725 0.532404 0.535506 0.529302 0 0 0 0.618013 0.621193 0.614833 0.696077 0.699555 0.692599 0.764793 0.768748 0.760838 0.814769 0.819228 0.81031 
775 775 0.534186 0.537212 0.53116 0 0 0 0.615711 0.618866 0.612556 0.691747 0.69514 0.688354 0.756252 0.759995 0.752509 0.818533 0.823562 0.813504 
825 825 0.536372 0.539647 0.533097 0 0 0 0.615793 0.619075 0.612511 0.69124 0.694863 0.687617 0.753594 0.757536 0.749652 0.806057 0.811028 0.801086 
875 875 0.532952 0.53592 0.529984 0 0 0 0.625623 0.629551 0.621695 0.697529 0.701852 0.693206 0.760323 0.764447 0.756199 0.810573 0.815369 0.805777 
925 925 0.532297 0.535875 0.528719 0 0 0 0.613281 0.616803 0.609759 0.692998 0.697094 0.688902 0.755984 0.761088 0.75088 0.801389 0.806942 0.795836 
975 975 0.52576 0.528884 0.522636 0 0 0 0.617018 0.620884 0.613152 0.686241 0.689861 0.682621 0.748509 0.752559 0.744459 0.804911 0.811319 0.798503 
