225 225 0.472577 0.475336 0.469818 0 0 0 0.593668 0.596805 0.590531 0.805506 0.80973 0.801282 1.19354 1.20026 1.18682 1.97556 1.99022 1.9609 
275 275 0.488548 0.49118 0.485916 0 0 0 0.61539 0.618597 0.612183 0.821215 0.825431 0.816999 1.19249 1.19905 1.18593 1.90135 1.91399 1.88871 
325 325 0.50088 0.50367 0.49809 0 0 0 0.6286 0.63186 0.62534 0.833465 0.837683 0.829247 1.1828 1.1891 1.1765 1.84995 1.86188 1.83802 
375 375 0.51695 0.519931 0.513969 0 0 0 0.642458 0.6458 0.639116 0.844736 0.849252 0.84022 1.18468 1.1911 1.17826 1.80632 1.81895 1.79369 
425 425 0.517129 0.519833 0.514425 0 0 0 0.645501 0.64893 0.642072 0.848075 0.852345 0.843805 1.18128 1.18796 1.1746 1.79847 1.81106 1.78588 
475 475 0.530974 0.533774 0.528174 0 0 0 0.65724 0.660572 0.653908 0.853124 0.85764 0.848608 1.18153 1.18837 1.17469 1.76505 1.77709 1.75301 
525 525 0.5334 0.536321 0.530479 0 0 0 0.661359 0.664808 0.65791 0.851486 0.85576 0.847212 1.17804 1.1846 1.17148 1.78409 1.79749 1.77069 
575 575 0.543463 0.54655 0.540376 0 0 0 0.667003 0.67024 0.663766 0.86075 0.865013 0.856487 1.17332 1.17966 1.16698 1.73969 1.75205 1.72733 
625 625 0.543024 0.546997 0.539051 0 0 0 0.674256 0.678668 0.669844 0.862695 0.867108 0.858282 1.17201 1.17822 1.1658 1.72012 1.73341 1.70683 
675 675 0.544372 0.547245 0.541499 0 0 0 0.673126 0.676517 0.669735 0.865706 0.871057 0.860355 1.16819 1.17473 1.16165 1.72417 1.73522 1.71312 
725 725 0.543486 0.546672 0.5403 0 0 0 0.675979 0.679533 0.672425 0.874646 0.879587 0.869705 1.19112 1.19939 1.18285 1.7406 1.7575 1.7237 
775 775 0.544331 0.547401 0.541261 0 0 0 0.673274 0.676781 0.669767 0.86323 0.867696 0.858764 1.18788 1.19568 1.18008 1.76885 1.7845 1.7532 
825 825 0.547918 0.55129 0.544546 0 0 0 0.67227 0.675771 0.668769 0.866496 0.871124 0.861868 1.17374 1.18084 1.16664 1.73848 1.75128 1.72568 
875 875 0.544719 0.54781 0.541628 0 0 0 0.686777 0.691204 0.68235 0.879105 0.88465 0.87356 1.1856 1.19273 1.17847 1.74708 1.76015 1.73401 
925 925 0.543441 0.547057 0.539825 0 0 0 0.679196 0.683348 0.675044 0.873126 0.878087 0.868165 1.19998 1.20828 1.19168 1.7913 1.81426 1.76834 
975 975 0.539186 0.542471 0.535901 0 0 0 0.678101 0.681973 0.674229 0.883835 0.889712 0.877958 1.1999 1.20804 1.19176 1.79544 1.81099 1.77989 
