225 225 0.423508 0.42606 0.420956 0 0 0 0.441224 0.44365 0.438798 0.458918 0.461468 0.456368 0.474976 0.47752 0.472432 0.489211 0.491889 0.486533 
275 275 0.43657 0.439029 0.434111 0 0 0 0.456029 0.458485 0.453573 0.475745 0.478211 0.473279 0.492142 0.494688 0.489596 0.506595 0.509296 0.503894 
325 325 0.444687 0.447155 0.442219 0 0 0 0.46878 0.471273 0.466287 0.487431 0.489929 0.484933 0.504692 0.507281 0.502103 0.513065 0.515821 0.510309 
375 375 0.459473 0.462202 0.456744 0 0 0 0.478985 0.481523 0.476447 0.49815 0.500708 0.495592 0.509911 0.512491 0.507331 0.516932 0.519602 0.514262 
425 425 0.45726 0.459701 0.454819 0 0 0 0.481393 0.484044 0.478742 0.500412 0.503085 0.497739 0.513628 0.516359 0.510897 0.520799 0.523679 0.517919 
475 475 0.468878 0.47141 0.466346 0 0 0 0.488886 0.491417 0.486355 0.506015 0.508599 0.503431 0.518771 0.521453 0.516089 0.527013 0.529933 0.524093 
525 525 0.472713 0.475443 0.469983 0 0 0 0.494804 0.49743 0.492178 0.509797 0.512404 0.50719 0.51621 0.518822 0.513598 0.519012 0.521781 0.516243 
575 575 0.479705 0.482616 0.476794 0 0 0 0.496464 0.499073 0.493855 0.513622 0.516211 0.511033 0.524669 0.527348 0.52199 0.526499 0.529267 0.523731 
625 625 0.47647 0.479856 0.473084 0 0 0 0.497958 0.50114 0.494776 0.514036 0.517159 0.510913 0.521469 0.524618 0.51832 0.525211 0.528583 0.521839 
675 675 0.47746 0.480107 0.474813 0 0 0 0.502404 0.505125 0.499683 0.51427 0.516945 0.511595 0.522939 0.525637 0.520241 0.523437 0.526444 0.52043 
725 725 0.476646 0.479468 0.473824 0 0 0 0.496452 0.499128 0.493776 0.512228 0.514968 0.509488 0.519359 0.522199 0.516519 0.521175 0.524197 0.518153 
775 775 0.474112 0.476921 0.471303 0 0 0 0.495867 0.498597 0.493137 0.509858 0.51249 0.507226 0.516323 0.51902 0.513626 0.517762 0.520748 0.514776 
825 825 0.479851 0.482935 0.476767 0 0 0 0.497754 0.500995 0.494513 0.508207 0.511127 0.505287 0.514886 0.517838 0.511934 0.517543 0.521372 0.513714 
875 875 0.472386 0.475123 0.469649 0 0 0 0.496558 0.499536 0.49358 0.510955 0.514134 0.507776 0.516453 0.519735 0.513171 0.514314 0.517878 0.51075 
925 925 0.469926 0.473104 0.466748 0 0 0 0.493684 0.496973 0.490395 0.506668 0.510033 0.503303 0.509849 0.513041 0.506657 0.509411 0.512868 0.505954 
975 975 0.463759 0.466638 0.46088 0 0 0 0.486931 0.489768 0.484094 0.500944 0.504077 0.497811 0.507943 0.511304 0.504582 0.503545 0.506993 0.500097 
