90 110 0.372413 0.442039 0.302788 0 0 0 0.49167 0.546452 0.436887 0.568848 0.610223 0.527472 0.62151 0.652159 0.590861 0.659691 0.681641 0.637742 
110 130 0.411344 0.478899 0.343788 0 0 0 0.525561 0.57637 0.474751 0.595006 0.631987 0.558026 0.640231 0.667501 0.612961 0.673571 0.692932 0.654211 
130 150 0.443219 0.508515 0.377923 0 0 0 0.551594 0.598428 0.504759 0.615214 0.64884 0.581588 0.655826 0.680149 0.631504 0.685028 0.702007 0.668049 
150 170 0.470042 0.532873 0.407212 0 0 0 0.573 0.616372 0.529627 0.631304 0.661798 0.60081 0.667278 0.689229 0.645328 0.693263 0.708466 0.678059 
170 190 0.492938 0.553244 0.432632 0 0 0 0.590703 0.631076 0.55033 0.644482 0.672336 0.616629 0.67646 0.696307 0.656613 0.699547 0.713203 0.68589 
190 210 0.512683 0.570513 0.454853 0 0 0 0.605975 0.643679 0.568271 0.655702 0.681315 0.63009 0.684564 0.702674 0.666453 0.705237 0.717587 0.692887 
210 230 0.52986 0.585325 0.474396 0 0 0 0.618917 0.654288 0.583547 0.665303 0.689014 0.641592 0.691629 0.708247 0.675011 0.710306 0.72156 0.699052 
230 250 0.544921 0.598159 0.491683 0 0 0 0.630127 0.663419 0.596835 0.673521 0.695562 0.65148 0.697653 0.71298 0.682326 0.714617 0.724923 0.704311 
250 270 0.55822 0.60938 0.50706 0 0 0 0.639894 0.671332 0.608455 0.680663 0.701241 0.660084 0.702927 0.717128 0.688726 0.718411 0.727894 0.708928 
270 290 0.570041 0.61927 0.520811 0 0 0 0.648484 0.678261 0.618708 0.686921 0.706205 0.667637 0.707559 0.720766 0.694352 0.721744 0.730505 0.712983 
290 310 0.58061 0.628049 0.53317 0 0 0 0.656096 0.684373 0.627819 0.692449 0.710579 0.674318 0.71166 0.723984 0.699336 0.724701 0.732824 0.716579 
310 330 0.590112 0.635893 0.54433 0 0 0 0.662879 0.689797 0.635961 0.697357 0.714452 0.680263 0.715311 0.726844 0.703778 0.727334 0.734888 0.719781 
330 350 0.598697 0.642942 0.554452 0 0 0 0.668949 0.694628 0.64327 0.701733 0.717893 0.685574 0.718569 0.729389 0.707749 0.729682 0.736724 0.722639 
350 370 0.60649 0.64931 0.56367 0 0 0 0.674396 0.698939 0.649853 0.705642 0.720951 0.690333 0.721478 0.731652 0.711304 0.731771 0.738352 0.72519 
370 390 0.613594 0.655089 0.572098 0 0 0 0.679289 0.70279 0.655788 0.709132 0.723664 0.6946 0.724072 0.733656 0.714488 0.733623 0.739785 0.727462 
390 410 0.620095 0.660359 0.57983 0 0 0 0.6837 0.706213 0.661188 0.712243 0.726063 0.698424 0.726373 0.735415 0.717331 0.73525 0.741028 0.729472 
410 430 0.626065 0.665182 0.586948 0 0 0 0.687778 0.709389 0.666167 0.714995 0.728147 0.701844 0.728394 0.73694 0.719848 0.736664 0.742089 0.731238 
430 450 0.631567 0.669613 0.593521 0 0 0 0.691415 0.712206 0.670624 0.717585 0.730119 0.705051 0.730181 0.738253 0.722108 0.737846 0.742947 0.732745 
450 470 0.636653 0.673698 0.599609 0 0 0 0.694768 0.71475 0.674787 0.719817 0.731788 0.707847 0.731843 0.739488 0.724199 0.738924 0.743716 0.734132 
470 490 0.641368 0.677475 0.605261 0 0 0 0.698273 0.717528 0.679018 0.722184 0.733609 0.71076 0.733445 0.74068 0.72621 0.739945 0.744456 0.735435 
490 510 0.645751 0.680978 0.610524 0 0 0 0.701485 0.720071 0.682898 0.724544 0.735487 0.713601 0.735285 0.742149 0.72842 0.74127 0.745518 0.737022 
510 530 0.649835 0.684235 0.615435 0 0 0 0.704499 0.722459 0.686538 0.726715 0.737201 0.716229 0.736947 0.743466 0.730428 0.7425 0.746508 0.738493 
530 550 0.65365 0.687272 0.620028 0 0 0 0.707306 0.724683 0.68993 0.728757 0.738819 0.718695 0.738532 0.744727 0.732337 0.743672 0.747453 0.73989 
550 570 0.657221 0.69011 0.624333 0 0 0 0.709927 0.726758 0.693096 0.730667 0.740331 0.721003 0.74002 0.745911 0.734129 0.744775 0.748345 0.741206 
570 590 0.660571 0.692767 0.628376 0 0 0 0.712374 0.728695 0.696053 0.732457 0.741749 0.723165 0.741422 0.747027 0.735817 0.745818 0.749189 0.742447 
590 610 0.66372 0.695261 0.632179 0 0 0 0.714662 0.730504 0.698819 0.734134 0.743076 0.725191 0.742742 0.748078 0.737406 0.746801 0.749985 0.743618 
610 630 0.666685 0.697606 0.635764 0 0 0 0.716803 0.732198 0.701409 0.735709 0.744322 0.727095 0.743987 0.749069 0.738905 0.74773 0.750738 0.744723 
630 650 0.669482 0.699815 0.639148 0 0 0 0.718812 0.733785 0.70384 0.737188 0.745492 0.728885 0.745162 0.750004 0.74032 0.748608 0.751448 0.745767 
650 670 0.672124 0.701899 0.642349 0 0 0 0.7207 0.735275 0.706125 0.738582 0.746593 0.730571 0.746273 0.750886 0.741659 0.749437 0.752119 0.746754 
670 690 0.674624 0.703869 0.645379 0 0 0 0.722477 0.736675 0.708278 0.739895 0.747628 0.732162 0.747324 0.75172 0.742927 0.750221 0.752753 0.747689 
690 710 0.676993 0.705734 0.648253 0 0 0 0.724149 0.737991 0.710307 0.741133 0.748602 0.733664 0.748318 0.752507 0.744129 0.750963 0.753352 0.748574 
710 730 0.679242 0.707501 0.650982 0 0 0 0.725722 0.739226 0.712218 0.7423 0.749517 0.735082 0.749259 0.75325 0.745268 0.751664 0.753915 0.749412 
730 750 0.681378 0.709179 0.653577 0 0 0 0.727201 0.74038 0.714022 0.743397 0.750375 0.736419 0.750148 0.753949 0.746347 0.752324 0.754445 0.750203 
750 770 0.683411 0.710774 0.656047 0 0 0 0.7288 0.741569 0.716032 0.744427 0.751176 0.737678 0.750986 0.754604 0.747367 0.752944 0.754939 0.750949 
770 790 0.685347 0.712292 0.658402 0 0 0 0.730434 0.742413 0.718455 0.745401 0.751926 0.738876 0.751772 0.755215 0.748328 0.753524 0.755398 0.75165 
790 810 0.687193 0.713739 0.660648 0 0 0 0.731649 0.743451 0.719847 0.746765 0.752973 0.740557 0.752509 0.755782 0.749236 0.754063 0.75582 0.752305 
