90 110 1 1 1 1 1 1 1.32023 1.60756 1.03289 1.52746 1.83388 1.22104 1.66887 1.99155 1.34619 1.7714 2.10777 1.43502 
110 130 1 1 1 1 1 1 1.27767 1.52116 1.03418 1.44649 1.7005 1.19249 1.55644 1.82051 1.29237 1.63749 1.9105 1.36447 
130 150 1 1 1 1 1 1 1.24452 1.45613 1.0329 1.38806 1.60617 1.16995 1.47969 1.70448 1.2549 1.54558 1.77647 1.31468 
150 170 1 1 1 1 1 1 1.21904 1.4063 1.03178 1.34308 1.53397 1.15219 1.41961 1.61504 1.22419 1.47489 1.67468 1.27511 
170 190 1 1 1 1 1 1 1.19833 1.36626 1.0304 1.30743 1.47707 1.13779 1.3723 1.54495 1.19965 1.41914 1.59495 1.24332 
190 210 1 1 1 1 1 1 1.18197 1.33423 1.0297 1.27896 1.43163 1.12629 1.33526 1.48996 1.18055 1.37558 1.5326 1.21856 
210 230 1 1 1 1 1 1 1.16808 1.30738 1.02877 1.25562 1.39446 1.11678 1.3053 1.44549 1.16511 1.34055 1.48248 1.19863 
230 250 1 1 1 1 1 1 1.15636 1.2848 1.02793 1.236 1.36335 1.10865 1.28028 1.40849 1.15208 1.31141 1.44093 1.1819 
250 270 1 1 1 1 1 1 1.14631 1.26551 1.02711 1.21934 1.33702 1.10167 1.25923 1.37741 1.14105 1.28697 1.40613 1.1678 
270 290 1 1 1 1 1 1 1.13761 1.24888 1.02634 1.20504 1.31447 1.09561 1.24124 1.35091 1.13157 1.26613 1.37655 1.15571 
290 310 1 1 1 1 1 1 1.13001 1.2344 1.02563 1.19262 1.29495 1.0903 1.22571 1.32809 1.12334 1.24817 1.35111 1.14523 
310 330 1 1 1 1 1 1 1.12331 1.22168 1.02495 1.18174 1.27789 1.08559 1.21216 1.30821 1.11611 1.23254 1.32901 1.13606 
330 350 1 1 1 1 1 1 1.11734 1.21039 1.02429 1.1721 1.26283 1.08137 1.20022 1.29074 1.1097 1.21878 1.30962 1.12795 
350 370 1 1 1 1 1 1 1.11197 1.20029 1.02364 1.16349 1.24942 1.07755 1.1896 1.27524 1.10395 1.20657 1.29244 1.12069 
370 390 1 1 1 1 1 1 1.10707 1.19116 1.02297 1.1557 1.23737 1.07404 1.18005 1.26137 1.09873 1.19562 1.27709 1.11414 
390 410 1 1 1 1 1 1 1.10257 1.18285 1.0223 1.1486 1.22645 1.07076 1.17139 1.24884 1.09394 1.18571 1.26326 1.10815 
410 430 1 1 1 1 1 1 1.09857 1.1754 1.02174 1.14205 1.21643 1.06766 1.16345 1.23741 1.08948 1.17666 1.25068 1.10263 
430 450 1 1 1 1 1 1 1.09476 1.16847 1.02105 1.1362 1.20746 1.06493 1.15614 1.22695 1.08533 1.16828 1.23912 1.09744 
450 470 1 1 1 1 1 1 1.09128 1.16211 1.02045 1.13063 1.19905 1.06221 1.14952 1.21747 1.08156 1.16064 1.22859 1.09269 
470 490 1 1 1 1 1 1 1.08872 1.15697 1.02048 1.12601 1.19185 1.06016 1.14356 1.20892 1.0782 1.1537 1.21903 1.08837 
490 510 1 1 1 1 1 1 1.08631 1.15219 1.02043 1.12202 1.18553 1.05851 1.13865 1.20167 1.07563 1.14792 1.21089 1.08495 
510 530 1 1 1 1 1 1 1.08412 1.14782 1.02042 1.11831 1.17967 1.05695 1.13405 1.19492 1.07319 1.1426 1.2034 1.0818 
530 550 1 1 1 1 1 1 1.08209 1.14377 1.0204 1.1149 1.17428 1.05553 1.12986 1.18874 1.07097 1.13772 1.19653 1.07892 
550 570 1 1 1 1 1 1 1.0802 1.14001 1.02038 1.11175 1.1693 1.05421 1.12598 1.18304 1.06893 1.13322 1.19019 1.07625 
570 590 1 1 1 1 1 1 1.07842 1.1365 1.02034 1.10882 1.16467 1.05298 1.12239 1.17775 1.06704 1.12905 1.18431 1.07378 
590 610 1 1 1 1 1 1 1.07675 1.13321 1.02029 1.10609 1.16035 1.05183 1.11906 1.17284 1.06528 1.12518 1.17886 1.07149 
610 630 1 1 1 1 1 1 1.07518 1.13013 1.02022 1.10353 1.15632 1.05075 1.11595 1.16827 1.06363 1.12156 1.17378 1.06935 
630 650 1 1 1 1 1 1 1.07368 1.12723 1.02014 1.10113 1.15254 1.04972 1.11304 1.16399 1.0621 1.11819 1.16903 1.06735 
650 670 1 1 1 1 1 1 1.07227 1.12449 1.02006 1.09888 1.149 1.04876 1.11032 1.15998 1.06066 1.11503 1.16458 1.06547 
670 690 1 1 1 1 1 1 1.07093 1.1219 1.01996 1.09675 1.14566 1.04784 1.10776 1.15622 1.0593 1.11206 1.16041 1.0637 
690 710 1 1 1 1 1 1 1.06965 1.11945 1.01985 1.09474 1.14251 1.04698 1.10536 1.15269 1.05802 1.10926 1.15649 1.06204 
710 730 1 1 1 1 1 1 1.06843 1.11712 1.01973 1.09284 1.13953 1.04614 1.10308 1.14935 1.05681 1.10662 1.15278 1.06046 
730 750 1 1 1 1 1 1 1.06725 1.1149 1.0196 1.09102 1.1367 1.04534 1.10093 1.14619 1.05566 1.10412 1.14928 1.05896 
750 770 1 1 1 1 1 1 1.06642 1.11302 1.01981 1.08928 1.134 1.04456 1.09888 1.14319 1.05456 1.10174 1.14595 1.05753 
770 790 1 1 1 1 1 1 1.06579 1.11119 1.02039 1.08763 1.13143 1.04382 1.09692 1.14034 1.0535 1.09948 1.14279 1.05616 
790 810 1 1 1 1 1 1 1.06469 1.10926 1.02012 1.08669 1.12963 1.04375 1.09505 1.13761 1.05248 1.09731 1.13977 1.05484 
