200 223 0.50386 0.514892 0.492828 0.57139 0.586956 0.555824 0.63259 0.644806 0.620374 0.78126 0.796855 0.765665 0.8621 0.877815 0.846385 0.97625 0.995967 0.956533 
223 251 0.51627 0.528085 0.504455 0.56462 0.576083 0.553157 0.61953 0.631018 0.608042 0.74032 0.753516 0.727124 0.86159 0.876643 0.846537 0.96428 0.983049 0.945511 
251 281 0.52017 0.531883 0.508457 0.58615 0.598862 0.573438 0.6464 0.659224 0.633576 0.75797 0.771842 0.744098 0.8664 0.881463 0.851337 0.94006 0.956938 0.923182 
281 316 0.53338 0.545383 0.521377 0.59741 0.609854 0.584966 0.6426 0.654552 0.630648 0.73725 0.749439 0.725061 0.83708 0.851689 0.822471 0.94439 0.961304 0.927476 
316 354 0.51556 0.526445 0.504675 0.58184 0.592064 0.571616 0.64121 0.651839 0.630581 0.75901 0.774031 0.743989 0.84355 0.858365 0.828735 0.8995 0.914295 0.884705 
354 398 0.50867 0.516968 0.500372 0.56273 0.571424 0.554036 0.61992 0.629088 0.610752 0.71797 0.728308 0.707632 0.81599 0.831891 0.800089 0.88938 0.905135 0.873625 
398 501 0.53329 0.540236 0.526344 0.58145 0.588147 0.574753 0.62963 0.636746 0.622514 0.71887 0.726598 0.711142 0.78761 0.796114 0.779106 0.85231 0.862545 0.842075 
501 630 0.51947 0.526306 0.512634 0.58271 0.59003 0.57539 0.62949 0.636875 0.622105 0.71435 0.722091 0.706609 0.79174 0.800164 0.783316 0.84109 0.849965 0.832215 
630 814 0.51473 0.522474 0.506986 0.56038 0.567886 0.552874 0.60035 0.60798 0.59272 0.6896 0.698373 0.680827 0.75087 0.759839 0.741901 0.79687 0.806217 0.787523 
814 1000 0.48947 0.497906 0.481034 0.53365 0.541624 0.525676 0.58129 0.592801 0.569779 0.64569 0.656493 0.634887 0.71256 0.725858 0.699262 0.74605 0.75908 0.73302 
