200 223 0.56208 0.573328 0.550832 0.62538 0.636954 0.613806 0.69009 0.702674 0.677506 0.80885 0.822722 0.794978 0.8941 0.909027 0.879173 0.98206 0.998613 0.965507 
223 251 0.56993 0.581905 0.557955 0.64154 0.653897 0.629183 0.6914 0.703655 0.679145 0.80547 0.819147 0.791793 0.89907 0.914058 0.884082 0.95917 0.975133 0.943207 
251 281 0.57572 0.586981 0.564459 0.63868 0.650287 0.627073 0.69665 0.709058 0.684242 0.80107 0.81482 0.78732 0.89386 0.909067 0.878653 0.96761 0.983923 0.951297 
281 316 0.57426 0.585565 0.562955 0.63174 0.642875 0.620605 0.69343 0.706092 0.680768 0.79306 0.806564 0.779556 0.87163 0.886058 0.857202 0.9319 0.947216 0.916584 
316 354 0.58451 0.594614 0.574406 0.63344 0.643206 0.623674 0.68854 0.698999 0.678081 0.78192 0.794082 0.769758 0.86923 0.884347 0.854113 0.9317 0.948414 0.914986 
354 398 0.57459 0.584135 0.565046 0.63495 0.645418 0.624482 0.68482 0.695467 0.674173 0.78262 0.794332 0.770908 0.86167 0.874514 0.848826 0.90435 0.917702 0.890998 
398 501 0.58702 0.593899 0.580141 0.64087 0.648004 0.633736 0.68866 0.696159 0.681162 0.76894 0.77709 0.76079 0.84311 0.853238 0.832982 0.90251 0.913687 0.891333 
501 630 0.57283 0.579923 0.565737 0.63393 0.641699 0.626161 0.686 0.69429 0.67771 0.75141 0.759675 0.743145 0.80054 0.808924 0.792157 0.84358 0.852895 0.834265 
630 814 0.55421 0.560952 0.547468 0.60672 0.613663 0.599777 0.64427 0.651708 0.636832 0.71428 0.722143 0.706417 0.77163 0.780152 0.763108 0.81834 0.827599 0.80908 
814 1000 0.53125 0.538814 0.523686 0.58549 0.593797 0.577183 0.63475 0.644181 0.625319 0.69534 0.704919 0.685761 0.74048 0.750308 0.730652 0.77453 0.784984 0.764076 
