200 223 0.62668 0.638516 0.614844 0.70675 0.71992 0.69358 0.77 0.783834 0.756166 0.84372 0.858251 0.829189 0.93488 0.951222 0.918538 0.98834 1.005 0.971685 
223 251 0.66954 0.683089 0.655991 0.7176 0.730593 0.704607 0.75903 0.77196 0.7461 0.86524 0.879414 0.851066 0.94847 0.963898 0.933042 0.9775 0.993305 0.961695 
251 281 0.68362 0.697686 0.669554 0.74708 0.76173 0.73243 0.78595 0.800479 0.771421 0.84426 0.858211 0.830309 0.89327 0.907775 0.878765 0.95892 0.974915 0.942925 
281 316 0.67155 0.682867 0.660233 0.72628 0.738397 0.714163 0.78278 0.796611 0.768949 0.86684 0.882013 0.851667 0.91198 0.927024 0.896936 0.95443 0.969506 0.939354 
316 354 0.69598 0.708387 0.683573 0.74134 0.753667 0.729013 0.785 0.797535 0.772465 0.86394 0.879175 0.848705 0.94066 0.957308 0.924012 0.97709 0.994793 0.959387 
354 398 0.66133 0.672276 0.650384 0.71348 0.724251 0.702709 0.76971 0.781376 0.758044 0.84622 0.858536 0.833904 0.90022 0.912859 0.887581 0.93751 0.951514 0.923506 
398 501 0.66164 0.669486 0.653794 0.71885 0.726982 0.710718 0.74984 0.757738 0.741941 0.82208 0.830561 0.813599 0.87005 0.87867 0.86143 0.91262 0.921639 0.903601 
501 630 0.64181 0.649577 0.634043 0.70178 0.710325 0.693235 0.73527 0.743683 0.726857 0.79763 0.806434 0.788826 0.84553 0.854556 0.836504 0.87515 0.884326 0.865974 
630 814 0.64883 0.656444 0.641216 0.69278 0.701174 0.684386 0.72391 0.732173 0.715647 0.7679 0.776198 0.759602 0.8099 0.818494 0.801306 0.83911 0.848047 0.830173 
814 1000 0.61287 0.622002 0.603738 0.65913 0.668914 0.649346 0.69483 0.704794 0.684866 0.74631 0.756485 0.736135 0.77521 0.78552 0.7649 0.79467 0.805548 0.783792 
